ST006Q04TA ST008Q04TA V1 1 2 imp
Yes Yes 1 0.999995699642968 0.00000430035703193538 1
No No 1 0.993308120969143 0.00669187903085654 1
Yes No 1 1 0 1
Yes Yes 1 0.47907378778612 0.520926212213879 1
No Yes 1 0.000293004320268897 0.999706995679731 2
No No 1 0.0000751913122214921 0.999924808687778 2
Yes Yes 1 0.00174004685597625 0.998259953144024 2
NA NA 1 0.00000039594179707532 0.999999604058203 2
No No 1 0.992446621953822 0.00755337804617798 1
No No 1 0.009068744087661 0.990931255912339 2
No No 1 1 0 1
Yes No 1 0.999978357257899 0.0000216427421014 1
Yes Yes 1 0.00103667741791675 0.998963322582083 2
NA NA 1 0.999680575651058 0.000319424348941591 1
Yes No 1 0.00645416381572459 0.993545836184275 2
Yes Yes 1 1 0 1
Yes Yes 1 0.999999105814542 0.000000894185458349591 1
Yes Yes 1 0 1 2
Yes NA 1 0.995667226755361 0.00433277324463921 1
NA NA 1 0.744706117418216 0.255293882581784 1
No Yes 1 0.938669495743957 0.0613305042560433 1
No No 1 1 0 1
NA NA 1 0.999995566688894 0.00000443331110568898 1
No NA 1 1 0 1
No No 1 0.247944338801511 0.752055661198489 2
No No 1 0.00000741691282387697 0.999992583087176 2
NA NA 1 0.999214629913822 0.000785370086177754 1
No Yes 1 0.680230074726222 0.319769925273778 1
Yes Yes 1 0.999954120859465 0.0000458791405347689 1
No No 1 0.000000364867073443086 0.999999635132927 2
Yes Yes 1 0.00726608753407752 0.992733912465923 2
Yes No 1 0.999735923233421 0.000264076766579243 1
Yes No 1 0.464544760353791 0.535455239646209 2
Yes No 1 1 0 1
Yes Yes 1 1 0 1
NA Yes 1 1 0 1
NA NA 1 0.999999968726239 0.0000000312737605957458 1
No NA 1 0.000045512261453767 0.999954487738546 2
No NA 1 0.996294855583119 0.00370514441688051 1
No Yes 1 0.000145763839160152 0.99985423616084 2
Yes Yes 1 0.0499187238841296 0.95008127611587 2
No NA 1 1 0 1
No No 1 0.938930803394341 0.0610691966056592 1
NA Yes 1 0.00410738569988594 0.995892614300114 2
No Yes 1 1 0 1
Yes NA 1 1 0 1
Yes Yes 1 0.996247121994212 0.00375287800578784 1
Yes Yes 1 0.224915671217797 0.775084328782203 2
No NA 1 0.495524490933423 0.504475509066577 1
No No 1 0.999019311511989 0.000980688488011183 1
No No 1 0.00183188895921297 0.998168111040787 2
No Yes 1 0.000853296422489617 0.99914670357751 2
Yes No 1 0.510446922974497 0.489553077025503 2
Yes No 1 0.114587687584593 0.885412312415407 2
No Yes 1 0.000426020325010603 0.999573979674989 2
NA NA 1 0.00481630064253218 0.995183699357468 2
No No 1 0.0000168673890035792 0.999983132610996 2
NA Yes 1 1 0 1
Yes Yes 1 1 0 1
No No 1 0 1 2
Yes Yes 1 1 0 1
Yes Yes 1 0.0000766755261179093 0.999923324473882 2
No Yes 1 0.000411252011067998 0.999588747988932 2
Yes Yes 1 0.99953955390573 0.00046044609426978 1
Yes Yes 1 0.997939893732545 0.0020601062674546 1
Yes Yes 1 0.999774914734756 0.000225085265244345 1
No No 1 0 1 2
Yes No 1 0.975081399615552 0.0249186003844478 1
Yes Yes 1 0.0000127051774183335 0.999987294822582 2
No No 1 0 1 2
No No 1 0.283473300731026 0.716526699268974 1
No No 1 0 1 2
No Yes 1 0.998466711430515 0.00153328856948514 1
No Yes 1 0.00000156605344156775 0.999998433946558 2
Yes Yes 1 1 0 1
Yes Yes 1 0.999162953163844 0.000837046836155646 1
Yes No 1 0 1 2
Yes No 1 0 1 2
Yes No 1 0 1 2
Yes Yes 1 1 0 1
No No 1 0 1 2
Yes NA 1 1 0 1
No No 1 0.993454537308198 0.00654546269180213 1
No No 1 0.000000585184879026163 0.999999414815121 2
No No 1 0 1 2
Yes No 1 0 1 2
Yes NA 1 0.00236911373415507 0.997630886265845 2
Yes NA 1 0.999996244008574 0.00000375599142621383 1
No NA 1 1 0 1
Yes No 1 0.263871674378134 0.736128325621866 2
Yes No 1 0.990133159319074 0.00986684068092583 1
Yes Yes 1 1 0 1
Yes NA 1 0.999987365102859 0.0000126348971406995 1
NA Yes 1 0.000662543182090652 0.999337456817909 2
No No 1 0.000000662712268872474 0.999999337287731 2
Yes Yes 1 0.994594830449521 0.00540516955047912 1
NA NA 1 0.999999735848929 0.000000264151071477331 1
Yes Yes 1 1 0 1
No No 1 0.00000278187907577158 0.999997218120924 2
Yes Yes 1 0 1 2
No Yes 1 0.000000892417052696942 0.999999107582947 2
Yes No 1 0.39963657468149 0.60036342531851 2
Yes Yes 1 0.99999251845012 0.00000748154988004689 1
No No 1 0.975449780866759 0.0245502191332408 1
NA NA 1 0.00541483856451791 0.994585161435482 2
No NA 1 0.00013416294004876 0.999865837059951 2
Yes Yes 1 0 1 2
Yes No 1 0.863872707405458 0.136127292594543 1
No Yes 1 0.0025019948786091 0.997498005121391 2
Yes Yes 1 1 0 1
Yes No 1 0.5 0.5 2
No No 1 0.179452179627739 0.820547820372261 2
No No 1 1 0 1
Yes Yes 1 0.987308287941828 0.0126917120581725 1
Yes Yes 1 0.999998279293727 0.00000172070627275416 1
No No 1 0.0000020451348183098 0.999997954865182 2
Yes Yes 1 0.980610885029458 0.0193891149705417 1
Yes Yes 1 1 0 1
Yes Yes 1 0.99984138986905 0.000158610130949707 1
Yes Yes 1 0.999993062995899 0.00000693700410128993 1
Yes No 1 0.999958910796099 0.0000410892039009014 1
No No 1 0 1 2
No No 1 0 1 2
No No 1 0.00000340039220562222 0.999996599607794 2
Yes NA 1 1 0 1
No No 1 1 0 1
No Yes 1 1 0 1
Yes Yes 1 0.976773713591293 0.0232262864087071 1
No No 1 0.996704032037724 0.00329596796227603 1
Yes Yes 1 0.999520009041773 0.000479990958226718 1
Yes Yes 1 0.00000635745224987116 0.99999364254775 2
Yes No 1 1 0 1
No Yes 1 0.000000561949357298091 0.999999438050643 2
No Yes 1 1 0 1
NA NA 1 0.00737437942814988 0.99262562057185 2
Yes No 1 0.801463417819811 0.198536582180189 1
Yes Yes 1 0.528730149634543 0.471269850365457 2
No No 1 0.00247374570935916 0.997526254290641 2
Yes NA 1 0.999796807981404 0.000203192018595582 1
NA NA 1 0.00279343348842077 0.997206566511579 2
Yes No 1 1 0 1
